1513777723197460480
1513777701613555713
1513777658127351816
1513777650283601921
1513777570742894602
1513777562715320323
1513777561859686400
1513777559313522690
1513777556461264899
1513777552661561345
1513777538883284992
1513777491953188864
1513777470209937408
1513777468389621765
1513777466388905988
1513777463997829122
1513777459199905792
1513777456779784192
1513777450651889665
1513777435011346438
1513777431286808577
1513777414241161219
1513777394791829508
1513777381890469893
1513777380698968064
1513777355080499201
1513777342573064192
1513777330694803456
1513777263224889345
1513777237849669634
1513777232887820290
1513777199265968130
1513777171155742722
1513777097503768578
1513777084875014151
1513777054608592897
1513777051572240384
1513777047176372227
1513776991597887488
1513776983901040641
1513776904519577603
1513776894914617345
1513776886060445696
1513776871389151233
1513776822600699907
1513776816808366080
1513776798152400901
1513776767894691846
1513776755114651653
1513776740048416770
1513776736122847232
1513776708247187456
1513776707983265792
1513776629369421824
1513776619407613955
1513776593369710595
1513776563606544384
1513776535785795590
1513776496044765184
1513776465183408130
1513776442399547397
1513776437219983360
1513776419293523969
1513776408136654848
1513776390239252481
1513776379317612550
1513776369775558660
1513776361026244610
1513776355942764549
1513776322325057540
1513776244508467200
1513776204616069123
1513776174602010626
1513776138480680967
1513776116611223553
1513776113289691140
1513776097636552704
1513776094201413638
1513776071723782151
1513776067378839556
1513776038018310145
1513776022075809797
1513775990048133120
1513775985610559494
1513775980384755715
1513775950596481029
1513775947400761346
1513775946536726528
1513775933656014853
1513775909588807684
1513775890609573890
1513775872574169092
1513775858690912257
1513775852571729921
1513775849958379523
1513775789036437504
1513775782266830850
1513775779179806721
1513775768991514625
1513775758468317188
1513775747177263109
1513775729808347138
1513775725622743041
1513775694769057797
1513775691350753283
1513775672535121924
1513775650703876096
1513775648313118723
1513775647319072769
1513775646207614978
1513775644043354115
1513775629564407812
1513775620555407363
1513775599998828547
1513775591304368128
1513775567669059587
1513775536115712004
1513775484911296513
1513775484576079872
1513775450564136965
1513775389952266242
1513775381794680832
1513775373942915079
1513775369178185730
1513775366048952323
1513775337108226049
1513775324131377154
1513775297644367873
1513775258037223427
1513775254212349956
1513775214915895302
1513775173576499205
1513775157067669505
1513775142819987462
1513775139090886658
1513775120518565888
1513775114302603272
1513775113833185281
1513775088579248129
1513775072674123777
1513775061114626049
1513775048229752835
1513775029804097537
1513774983167700994
1513774970735800325
1513774962280067075
1513774940637450245
1513774934228537345
1513774928004546562
1513774899017695233
1513774882680893440
1513774864733470721
1513774837390458886
1513774836299931653
1513774794222669826
1513774780645847044
1513774770524876805
1513774768486744065
1513774751793446912
1513774737272733696
1513774735372414976
1513774725549670400
1513774700702228481
1513774697015824389
1513774692087533570
1513774683702763521
1513774672390762499
1513774604619186176
1513774591684005888
1513774591281610753
1513774587556864008
1513774569450242051
1513774558481842179
1513774547866042373
1513774539649568769
1513774490588631040
1513774489980465152
1513774485362835460
1513774463246278656
1513774455868518401
1513774432279740417
1513774401627766785
1513774399815839749
1513774368689913858
1513774356937449476
1513774356681297920
1513774347877761026
1513774344970809344
1513774339837276160
1513774300146601988
1513774262665965570
1513774234728005639
1513774164305641479
1513774128850894849
1513774122374885378
1513774120709894147
1513774104221941760
1513774036064653318
1513774027034497024
1513774012416942081
1513774001843470338
1513773946759385090
1513773944653946882
1513773944289247232
1513773942812835845
1513773939541127168
1513773938547249154
1513773936042905605
1513773932163174402
1513773931915882497
1513773919127355395
1513773909258096643
1513773903885209601
1513773834893410304
1513773803603578881
1513773796460986368
1513773786600210434
1513773690944561157
1513773651514265603
1513773639036182528
1513773617418752002
1513773614520168448
1513773585290362888
1513773577731903490
1513773563010240515
1513773560422043652
1513773543280226305
1513773539979153408
1513773511482871811
1513773501483995140
1513773501072633858
1513773499885961216
1513773496782192642
1513773474070032388
1513773463940464640
1513773457820962821
1513773446932893698
1513773445665812481
1513773444063961089
1513773437336326145
1513773429262266368
1513773426343051264
1513773414653202432
1513773366766825473
1513773364686757891
1513773306142691330
1513773291743629314
1513773252723634176
1513773239503253509
1513773237486112771
1513773234797223938
1513773223640723458
1513773162604871682
1513773137279987712
1513773125074403329
1513773111904137220
1513773102689583104
1513773099010838537
1513773097119522817
1513773094178988033
1513773089129046022
1513773080510070788
1513773080476549124
1513773074235092994
1513773061123678208
1513773045336649728
1513772998259806209
1513772989988319234
1513772958942044160
1513772954768732161
1513772930391756802
1513772923902836736
1513772897206095878
1513772856110313477
1513772831087407105
1513772819163017225
1513772811877187586
1513772810375958529
1513772809461600256
1513772802440007680
1513772773193424896
1513772771377303558
1513772756445593601
1513772734006046724
1513772732739362819
1513772696504774659
1513772674685628419
1513772661985275906
1513772661322948609
1513772583355039748
1513772579848278016
1513772579193909248
1513772577407516673
1513772573242572807
1513772557740408836
1513772547757723654
1513772529718276098
1513772509891600387
1513772492267134976
1513772485640015873
1513772479977648131
1513772474739355650
1513772454623444992
1513772448189411335
1513772428622647306
1513772395701891072
1513772393311121409
1513772363338649600
1513772349711319041
1513772345953230849
1513772341893156864
1513772333999456260
1513772326684610561
1513772313908375555
1513772302940327938
1513772302206332929
1513772292299321346
1513772287471742986
1513772276113567746
1513772275333763072
1513772272367988738
1513772266487959552
1513772258820444160
1513772220744617986
1513772200507379715
1513772192013582342
1513772182203101184
1513772176163291136
1513772175261843461
1513772174263611397
1513772160015343618
1513772150188277761
1513772139823783938
1513772117791481861
1513772108697939969
1513772104155467779
1513772075433226241
1513772057292537859
1513772032369954816
1513772022857306113
1513771906209820674
1513771891894329344
1513771885540294656
1513771879445635078
1513771855819468800
1513771843144261632
1513771809576955908
1513771803981754369
1513771714596925442
1513771696150712323
1513771692006391812
1513771677293121536
1513771665141878785
1513771664701419520
1513771631927513090
1513771629507223556
1513771629452558340
1513771628760510464
1513771623186280451
1513771604911616000
1513771600977735683
1513771597840384000
1513771572267569152
1513771564176932864
1513771556677193728
1513771552310923264
1513771547294826497
1513771539962875906
1513771538587471872
1513771533554003968
1513771438896934919
1513771374149795842
1513771316024807424
1513771309636804609
1513771289328361472
1513771258458292225
1513771236396236800
1513771226925174787
1513771206922870787
1513771204276289536
1513771196575522819
1513771181660577793
1513771174765146114
1513771159476572165
1513771129986461696
1513771128975937538
1513771125876019201
1513771125628563459
1513771106448338947
1513771099032813569
1513771081890336768
1513771056355749895
1513771042677821440
1513771041101062147
1513771034184646656
1513771029310554112
1513771012990840832
1513771010574909441
1513770976038727681
1513770928471089155
1513770849328791552
1513770780026310661
1513770752008667145
1513770734560346115
1513770720504913921
1513770717648543745
1513770708383715328
1513770667010756608
1513770642877087744
1513770634979201030
1513770624388198403
1513770604666978306
1513770584777588741
1513770566591070208
1513770560232501250
1513770546454228992
1513770525801459715
1513770511095906307
1513770506960670720
1513770463817875457
1513770450748289028
1513770434499874816
1513770384868319234
1513770367621677056
1513770341793169410
1513770337640407043
1513770337355595776
1513770331982290945
1513770296914104322
1513770278283022337
1513770253268193281
1513770250843865091
1513770221781524480
1513770217436246016
1513770215623966724
1513770197752360961
1513770178693132289
1513770168492601347
1513770148075040768
1513770138625089541
1513770132874571780
1513770107704848385
1513770085445296130
1513770060137246724
1513770048367697920
1513770035550224384
1513769997184614400
1513769953866170373
1513769925080350721
1513769916843053057
1513769914938847235
1513769908181803014
1513769900757905411
1513769873855619077
1513769872714448898
1513769855052222465
1513769847276314625
1513769838631862272
1513769835335159811
1513769830406836230
1513769827889950721
1513769823548837891
1513769820650897409
1513769814300696576
1513769807333658628
1513769800082034689
1513769794989821956
1513769791454326784
1513769780632641536
1513769769136451587
1513769758596173825
1513769757861765120
1513769752732508160
1513769742472908801
1513769742351278081
1513769718523793408
1513769715612602369
1513769706515464192
1513769693403746304
1513769642434920451
1513769639448551424
1513769632217255936
1513769585605963776
1513769559609597952
1513769559047938048
1513769555604418560
1513769519084630016
1513769514047270912
1513769510842806277
1513769493025067012
1513769479213223936
1513769460263317504
1513769459856846850
1513769454521696262
1513769427803672578
1513769408854130689
1513769399882493955
1513769357901725697
1513769351853215752
1513769325601050624
1513769325437792257
1513769323873341443
1513769308119498752
1513769288955359233
1513769273759440896
1513769244197982210
1513769239387283456
1513769221515325442
1513769218084204552
1513769175071993858
1513769174731923456
1513769174547701761
1513769172907757572
1513769143467606018
1513769139260694533
1513769128691003394
1513769104284712967
1513769087171653641
1513769059833516032
1513769058004471810
1513769043953524743
1513769041902538760
1513769017273630725
1513769016267251714
1513769013792612355
1513769007622475777
1513768993273778176
1513768965704908800
1513768927083794434
1513768906757795840
1513768891197304835
1513768882170957827
1513768876349165569
1513768869672124417
1513768867528552453
1513768854203211781
1513768811979485184
1513768811660742660
1513768801057222658
1513768795537506306
1513768788571062273
1513768787119550465
1513768786821713920
1513768786398121985
1513768778454437890
1513768737685803011
1513768698913325061
1513768694522200066
1513768691824939008
1513768684073889793
1513768669246939136
1513768616646242304
1513768582559444995
1513768566172004354
1513768565031464969
1513768550518820868
1513768527383384071
1513768523860156416
1513768487939846144
1513768465429307394
1513768447657742338
1513768438535438339
1513768434827673603
1513768428334895105
1513768418985783303
1513768401151602692
1513768379634622465
1513768335652974595
1513768309665460226
1513768308486680577
1513768297485193219
1513768241449287684
1513768223669325826
1513768216539312128
1513768209870372866
1513768204640088067
1513768168732659713
1513768155621236736
1513768154677522434
1513768152785555459
1513768139359940616
1513768103448297474
1513768096380510214
1513768060473470977
1513768032568455170
1513768028063760388
1513768018463293443
1513768010699657217
1513768004575961093
1513767998120927235
1513767971771994112
1513767949232132099
1513767879443116037
1513767875533996032
1513767859482083329
1513767855623671809
1513767844458418181
1513767824535470080
1513767770655100928
1513767770584154112
1513767770001145856
1513767758647148552
1513767748639555585
1513767711977123841
1513767708512624642
1513767697859100676
1513767690749739010
1513767670243422209
1513767669933428737
1513767666565017603
1513767664971247618
1513767627306725379
1513767622730731525
1513767615453605888
1513767605638602753
1513767594058457091
1513767593307357184
1513767547279409153
1513767534767476736
1513767520876240896
1513767515628875779
1513767506292453378
1513767502291279872
1513767482372530177
1513767476642738179
1513767468590051332
1513767468564553732
1513767463841804291
1513767461346496512
1513767445789491200
1513767444828983296
1513767428978794497
1513767417344045057
1513767401866743814
1513767384385208321
1513767383676354560
1513767379196547074
1513767374671216641
1513767373576159236
1513767354295267328
1513767340693155843
1513767327959228416
1513767302755659782
1513767277304303616
1513767263375032322
1513767253644574721
1513767234401107972
1513767224179585028
1513767191207841796
1513767178092564480
1513767172392521728
1513767166692118528
1513767154604441601
1513767151932698624
1513767149638418432
1513767144298745856
1513767129266495489
1513767101445865476
1513767097200832512
1513767096148455431
1513767094663319553
1513767055782465540
1513767038254460935
1513767005253353475
1513767002409943042
1513766988036055040
1513766974911774723
1513766971003011072
1513766949393612805
1513766936215457795
1513766920536748034
1513766918184140801
1513766909657108480
1513766884692267008
1513766859052818432
1513766852404469763
1513766801519570947
1513766798172176386
1513766770867605505
1513766751883849728
1513766720363954176
1513766702890119168
1513766689049038851
1513766689002774531
1513766679381422081
1513766623802716162
1513766603887886343
1513766568488222723
1513766539396513793
1513766512146132992
1513766496853700609
1513766424426156038
1513766396102328326
1513766374526840837
1513766346630213635
1513766306532585473
1513766295669719040
1513766285909594115
1513766275578748933
1513766270235136002
1513766241806450695
1513766236198375428
1513766204971925505
1513766182544973826
1513766175758757891
1513766147266543616
1513766131559182339
1513766110629613573
1513766092942221316
1513766084914335744
1513766082275790849
1513766063174955010
1513766043432656904
1513766038672150529
1513766035320553474
1513766009496555524
1513766005469683712
1513765945315295234
1513765942668390400
1513765941707874305
1513765933957128193
1513765874812956677
1513765800532127744
1513765782454374407
1513765779917148166
1513765760841416704
1513765749839777793
1513765722660675589
1513765707166920705
1513765692889518083
1513765685192970242
1513765672131575809
1513765663030284291
1513765657384349696
1513765654402273289
1513765640120979458
1513765624719511552
1513765605748269058
1513765604234211329
1513765589336338434
1513765584965554176
1513765567416905729
1513765533514010625
1513765512282472448
1513765509426081792
1513765483958312964
1513765453230866435
1513765446214098944
1513765439175684096
1513765430456119297
1513765430325919744
1513765404916674560
1513765309282336770
1513765302814707715
1513765267796480001
1513765265569288193
1513765255880777729
1513765246263242752
1513765197496090624
1513765191552749571
1513765183122210817
1513765170111148033
1513765160439410688
1513765157687627777
1513765117065760770
1513765082773454849
1513765072623247361
1513765042290032641
1513765016633151492
1513765014888275975
1513765002062495746
1513764984899072003
1513764865965318144
1513764824127209473
1513764799188205569
1513764736688537600
1513764727381704707
1513764697111412737
1513764692287983617
1513764683454459907
1513764674881302529
1513764662466125827
1513764645886169088
1513764641402679298
1513764622414884866
1513764612684271618
1513764609643397121
1513764601758126081
1513764574570303488
1513764570686386179
1513764537237110784
1513764528139681794
1513764515300929536
1513764506585165827
1513764433088348162
1513764428776292354
1513764410531196930
1513764356991127555
1513764335872806916
1513764297654308864
1513764280969351169
1513764264338935812
1513764252414537728
1513764197187743744
1513764187453136900
1513764172843999232
1513764150497124352
1513764117890301957
1513764105412579329
1513764099175628804
1513764093186154497
1513764067730948097
1513764065562488833
1513764061829550081
1513764048676192257
1513764015658340353
1513763963057496064
1513763957135536129
1513763943868960771
1513763903356174342
1513763880731754497
1513763876411940865
1513763858497765378
1513763812117483521
1513763781910077440
1513763744752738304
1513763697251917825
1513763515101761540
1513763509762654208
1513763509678485505
1513763504611680257
1513763488924983298
1513763479840190465
1513763450056417285
1513763443387822081
1513763376580608002
1513763339192901634
1513763330976268290
1513763306531536899
1513763262684631040
1513763232292372481
1513763196150358016
1513763156241182721
1513763117117116418
1513763107143024644
1513763077661278213
1513763071189487616
1513763032316358657
1513763010749165569
1513762972182904833
1513762962934157312
1513762961231589379
1513762951752478723
1513762941870669825
1513762925907165186
1513762922694012932
1513762880017276928
1513762875533275139
1513762845866926081
1513762839269298177
1513762815068487681
1513762805236731904
1513762770331717632
1513762767915798532
1513762746609041413
1513762742540566528
1513762727226839043
1513762714799439876
1513762712848781313
1513762687502544896
1513762677310758912
1513762665205678082
1513762664300032000
1513762660143173634
1513762657295241220
1513762654091104256
1513762627419197440
1513762622898044937
1513762598298451979
1513762544766230532
1513762533651656705
1513762466441809923
1513762455314657287
1513762444031987714
1513762429687431170
1513762419746959363
1513762412826357765
1513762382517968899
1513762366902931458
1513762366839685122
1513762358933393409
1513762353120129027
1513762334996504576
1513762328130781184
1513762310766006273
1513762292504006661
1513762285310791684
1513762284442566656
1513762259662958595
1513762237688971265
1513762234429706241
1513762199722168320
1513762188472639493
1513762171263410177
1513762170013630465
1513762167945777153
1513762147334983680
1513762132931727362
1513762123813322756
1513762113319485442
1513762096038572032
1513762089344860164
1513762049016311810
1513762017185652739
1513762016183271432
1513761980381036544
1513761962391654405
1513761940677722115
1513761932633055233
1513761927465697280
1513761877695733760
1513761877339570184
1513761875053334532
1513761865070829571
1513761847878782979
1513761837191675904
1513761834137960449
1513761811589304325
1513761808771084290
1513761776508502018
1513761648871309313
1513761633746972674
1513761603816067079
1513761580344745987
1513761563970519044
1513761546631249928
1513761532018311172
1513761523629387777
1513761486124249089
1513761485196914690
1513761411838582791
1513761394205741060
1513761342020210688
1513761297329844225
1513761257505292292
1513761195949395973
1513761140203212800
1513761126693359616
1513761113896517635
1513761075715784710
1513761071340789762
1513761055201427457
1513761047219679234
1513761020203847682
1513761015812726784
1513761009626157057
1513761003611488261
1513760983403012098
1513760979808829445
1513760956253310980
1513760941380292608
1513760935957364741
1513760931075207170
1513760909482938370
1513760878524571649
1513760866076078081
1513760831863136256
1513760811575132161
1513760780902342657
1513760757628174337
1513760755455504384
1513760750447513600
1513760749713178629
1513760651923136515
1513760628900466692
1513760612979187716
1513760580573999105
1513760564614680576
1513760549607452673
1513760520331214848
1513760517957066754
1513760507303727104
1513760476030967813
1513760448058781700
1513760405910605825
1513760384628719621
1513760367205253124
1513760365951459329
1513760357151506439
1513760347580399616
1513760338252288001
1513760313148993538
1513760311853330432
1513760296128581635
1513760278952914947
1513760269863817219
1513760260967698434
1513760228579287046
1513760221843562498
1513760219985510401
